echo "# FindMe.exe" >> README.md
git init
git add README.md
git commit -m "first commit"
git remote add origin https://github.com/LimonGatstaedler/FindMe.exe.git
git push -u origin master
FindMe.exe

# BITSY VERSION 5.3

! ROOM_FORMAT 1

DEFAULT_FONT unicode_european_small

PAL 0
39,49,74
243,245,255
254,173,197

ROOM 0
0,0,0,0,0,0,0,0,0,0,0,0,0,0,0,0
0,0,0,0,0,0,0,0,0,0,0,0,0,0,0,0
0,0,0,0,0,0,0,0,r,0,0,0,0,0,0,0
0,0,0,0,0,0,0,e,p,q,0,0,0,0,0,0
0,0,0,0,c,b,b,f,g,0,0,0,0,0,0,0
0,0,0,0,n,m,o,h,0,0,0,0,0,0,0,0
0,0,0,0,l,k,j,i,0,0,0,0,0,0,0,0
0,0,0,0,0,0,0,0,0,0,0,0,0,0,0,0
0,0,0,0,0,0,0,0,0,0,0,0,0,0,0,0
0,0,0,0,0,0,0,0,0,0,0,0,0,0,0,0
0,0,0,0,0,0,0,0,0,0,0,0,0,0,0,0
0,0,0,0,0,0,0,0,0,0,0,0,0,0,0,0
0,0,0,0,0,0,0,0,0,0,0,0,0,0,0,0
0,0,0,0,0,0,0,0,0,0,0,0,0,0,0,0
0,0,0,0,0,0,0,0,0,0,0,0,0,0,0,0
0,0,0,0,0,0,0,0,0,0,0,0,0,0,0,0
PAL 0

ROOM 1
0,0,0,0,0,0,0,0,0,0,0,0,0,0,0,0
0,0,0,0,0,0,0,0,0,0,0,0,0,0,0,0
0,0,0,0,0,0,0,0,0,0,0,0,0,0,0,0
0,0,0,0,0,0,0,0,0,0,0,0,0,0,0,0
0,0,0,0,0,0,0,0,0,0,0,0,0,0,0,0
0,0,0,0,0,0,0,0,0,0,0,0,0,0,0,0
0,0,0,0,0,0,0,0,0,0,0,0,0,0,0,0
0,0,0,0,0,0,0,0,0,0,0,0,0,0,0,0
0,z,z,z,z,z,z,z,z,z,z,0,0,0,0,0
0,z,0,0,0,0,0,0,0,0,z,0,0,0,0,0
0,z,0,u,a,t,0,0,x,0,z,0,0,0,0,0
0,z,y,y,v,y,y,y,w,y,z,0,0,0,0,0
0,z,0,0,0,0,0,0,0,0,z,0,0,0,0,0
0,z,0,0,0,12,0,0,11,10,z,0,0,0,0,0
0,z,z,z,z,z,z,z,z,z,z,0,0,0,0,0
0,0,0,0,0,0,0,0,0,0,0,0,0,0,0,0
EXT 8,11 2 5,8
PAL 0

ROOM 2
0,0,0,0,0,0,0,0,0,0,0,0,0,0,0,0
0,0,0,0,0,0,0,0,0,0,0,0,0,0,0,0
0,0,0,z,z,z,z,z,z,z,z,0,0,0,0,0
0,0,0,z,0,0,0,0,0,0,z,0,0,0,0,0
0,0,0,z,0,17,16,0,0,14,z,0,0,0,0,0
0,0,0,z,15,18,15,15,15,13,z,0,0,0,0,0
0,0,0,z,0,0,0,0,0,1g,z,0,0,0,0,0
0,0,0,z,0,0,0,0,0,0,z,0,0,0,0,0
0,0,0,z,0,0,0,1d,1e,1f,z,0,0,0,0,0
0,0,0,z,0,0,0,1c,1b,1a,z,0,0,0,0,0
0,0,0,z,19,0,0,0,0,0,z,0,0,0,0,0
0,0,0,z,0,0,0,0,0,0,z,0,0,0,0,0
0,0,0,z,z,z,z,z,z,z,z,0,0,0,0,0
0,0,0,0,0,0,0,0,0,0,0,0,0,0,0,0
0,0,0,0,0,0,0,0,0,0,0,0,0,0,0,0
0,0,0,0,0,0,0,0,0,0,0,0,0,0,0,0
EXT 4,10 1 2,12
EXT 9,5 3 4,9
PAL 0

ROOM 3
0,0,0,0,0,0,0,0,0,0,0,0,0,0,0,0
0,0,0,0,0,0,0,0,0,0,0,0,0,0,0,0
0,0,0,0,0,0,0,0,0,0,0,0,0,0,0,0
0,0,0,0,0,0,0,0,0,0,0,0,0,0,0,0
0,0,0,0,0,0,0,0,0,0,0,0,0,0,0,0
0,0,0,0,0,0,0,0,0,0,0,0,0,0,0,0
0,0,0,0,0,0,0,0,0,0,0,0,0,0,0,0
0,0,0,0,1i,0,1s,1t,0,0,0,0,0,0,0,0
0,0,1j,15,1h,15,15,15,1o,0,0,0,0,0,0,0
1r,0,1j,1q,1q,1q,1q,1q,1n,0,0,1r,1r,0,1r,1r
1r,1r,1j,1q,1q,1q,1q,0,1n,0,1r,0,0,0,0,0
0,1r,1k,1l,1l,1l,1l,1p,1m,0,1r,0,0,1r,0,0
0,1r,1r,0,0,0,0,0,0,0,0,1r,0,0,1r,0
0,0,0,1r,1r,0,1r,1r,1r,1r,0,0,0,0,1r,0
0,1r,1r,0,0,0,1r,1r,1r,0,0,1r,0,0,0,0
0,0,1r,1r,0,0,0,0,0,0,0,0,0,1r,1r,0
ITM 0 7,10
EXT 4,8 4 9,6
PAL 0

ROOM 4
0,0,0,0,0,0,0,0,0,0,0,0,0,0,0,0
0,0,0,0,0,0,0,0,0,0,0,0,0,0,0,0
0,0,0,z,z,z,z,z,z,z,z,0,0,0,0,0
0,0,0,z,0,0,0,0,0,0,z,0,0,0,0,0
0,0,0,z,0,17,16,0,0,14,z,0,0,0,0,0
0,0,0,z,15,18,15,15,15,13,z,0,0,0,0,0
0,0,0,z,0,0,0,0,0,1g,z,0,0,0,0,0
0,0,0,z,0,0,0,0,0,0,z,0,0,0,0,0
0,0,0,z,0,0,0,1d,1e,1f,z,0,0,0,0,0
0,0,0,z,0,0,0,1c,1b,1a,z,0,0,0,0,0
0,0,0,z,19,0,0,0,0,0,z,0,0,0,0,0
0,0,0,z,0,0,0,0,0,23,z,0,0,0,0,0
0,0,0,z,z,z,z,z,z,z,z,0,0,0,0,0
0,0,0,0,0,0,0,0,0,0,0,0,0,0,0,0
0,0,0,0,0,0,0,0,0,0,0,0,0,0,0,0
0,0,0,0,0,0,0,0,0,0,0,0,0,0,0,0
EXT 4,10 6 4,12
EXT 9,5 5 4,9
EXT 9,11 8 8,4
PAL 0

ROOM 5
0,0,0,0,0,0,0,0,0,0,0,0,0,0,0,0
0,0,0,0,0,0,0,0,0,0,0,0,0,0,0,0
0,0,0,0,0,0,0,0,0,0,0,0,0,0,0,0
0,0,0,0,0,0,0,0,0,0,0,0,0,0,0,0
0,0,0,0,0,0,0,0,0,0,0,0,0,0,0,0
0,0,0,0,0,0,0,0,0,0,0,0,0,0,0,0
0,0,0,0,0,0,0,0,0,0,0,0,0,0,0,0
0,0,0,0,1i,0,1s,1t,0,0,0,0,0,0,0,0
0,0,1j,15,1h,15,15,15,1o,0,0,0,0,0,0,0
1r,0,1j,1q,1q,1q,1q,1q,1n,0,0,1r,1r,0,1r,1r
1r,1r,1j,1q,1q,1q,1q,1q,1n,0,1r,0,0,0,0,0
0,1r,1k,1l,1l,1l,1l,1v,1m,0,1r,0,0,1r,0,0
0,1r,1r,0,0,0,0,0,0,0,0,1r,0,0,1r,0
0,0,0,1r,1r,0,1r,1r,1r,1r,0,0,0,0,1r,0
0,1r,1r,0,0,0,1r,1r,1r,0,0,1r,0,0,0,0
0,0,1r,1r,0,0,0,0,0,0,0,0,0,1r,1r,0
EXT 4,8 4 9,6
PAL 0

ROOM 6
0,0,0,0,0,0,0,0,0,0,0,0,0,0,0,0
0,0,0,0,0,0,0,0,0,0,0,0,0,0,0,0
0,0,0,0,0,0,0,0,0,0,0,0,0,0,0,0
0,0,0,0,0,0,0,0,0,0,0,0,0,0,0,0
0,0,0,0,0,0,0,0,0,0,0,0,0,0,0,0
0,0,0,0,0,0,0,0,0,0,0,0,0,0,0,0
0,0,0,0,0,0,0,0,0,0,0,0,0,0,0,0
0,0,0,0,0,0,0,0,0,0,0,0,0,0,0,0
0,z,z,z,z,z,z,z,z,z,z,0,0,0,0,0
0,z,0,0,0,0,0,0,0,0,z,0,0,0,0,0
0,z,0,u,a,t,0,0,x,0,z,0,0,0,0,0
0,z,y,y,v,y,y,y,w,y,z,0,0,0,0,0
0,z,0,0,0,0,0,0,0,0,z,0,0,0,0,0
0,z,0,0,0,12,0,0,11,10,z,0,0,0,0,0
0,z,z,z,z,z,z,z,z,z,z,0,0,0,0,0
0,0,0,0,0,0,0,0,0,0,0,0,0,0,0,0
EXT 8,11 2 5,8
PAL 0

ROOM 7
0,0,0,0,0,0,0,0,0,0,0,0,0,0,0,0
0,0,0,0,0,0,0,0,0,0,0,0,0,0,0,0
0,0,0,0,0,0,0,0,0,0,0,0,0,0,0,0
0,0,0,0,0,0,0,0,0,0,0,0,0,0,0,0
0,0,0,0,0,0,0,0,0,0,0,0,0,0,0,0
0,0,0,0,0,0,0,0,0,0,0,0,0,0,0,0
0,0,0,0,0,0,0,0,0,0,0,0,0,0,0,0
0,0,0,0,0,0,0,0,0,0,0,0,0,0,0,0
0,z,z,z,z,z,z,z,z,z,z,0,0,0,0,0
0,z,0,0,0,0,0,0,0,0,z,0,0,0,0,0
0,z,0,u,a,t,0,0,x,0,z,0,0,0,0,0
0,z,y,y,v,y,y,y,w,y,z,0,0,0,0,0
0,z,0,0,0,0,0,0,0,0,z,0,0,0,0,0
0,z,0,0,0,12,0,0,11,10,z,0,0,0,0,0
0,z,z,z,z,z,z,z,z,z,z,0,0,0,0,0
0,0,0,0,0,0,0,0,0,0,0,0,0,0,0,0
EXT 8,11 2 5,8
PAL 0

ROOM 8
0,0,0,0,0,0,0,0,0,0,0,0,0,0,0,0
0,0,0,0,0,0,0,0,0,0,0,0,0,0,0,0
0,0,0,0,0,0,0,z,z,z,0,0,0,0,0,0
0,0,0,0,0,0,0,z,1x,z,0,0,0,0,0,0
0,0,0,0,0,0,0,z,1v,z,0,0,0,0,0,0
0,0,0,0,0,0,0,z,1v,z,0,0,0,0,0,0
0,0,0,0,0,0,0,z,1v,z,0,0,0,0,0,0
0,0,0,0,0,0,0,z,1v,z,0,0,0,0,0,0
0,0,0,0,0,0,0,z,1v,z,0,0,0,0,0,0
0,0,0,0,z,z,z,0,0,0,z,z,z,0,0,0
0,0,0,z,0,0,0,0,0,0,0,0,z,0,0,0
0,0,0,z,0,0,0,0,0,0,0,0,z,0,0,0
0,0,0,z,0,0,0,0,0,0,0,0,z,0,0,0
0,0,0,z,0,0,0,22,0,1y,0,0,z,0,0,0
0,0,0,z,0,0,0,21,20,1z,0,0,z,0,0,0
0,0,0,0,z,z,z,z,z,z,z,z,0,0,0,0
END undefined 8,3
PAL 0

TIL 10
00000000
00000000
00011000
00111100
11111110
11111110
00000100
00000100
WAL true

TIL 11
00000000
00000000
00000000
00000000
11111111
11111111
01000000
01000000
WAL true

TIL 12
00000000
00000000
01111110
01000010
01011010
01000010
01111110
00100100
WAL true

TIL 13
01100010
01000010
01000010
01000010
01000010
01000010
01000010
01111110

TIL 14
00000000
01111110
01000010
01000010
01000010
01000010
01000010
01100010

TIL 15
00000000
00000000
00000000
00000000
00000000
00000000
00000000
11111111
WAL true

TIL 16
11111100
00001100
11111100
00001100
11111100
00001100
11111100
00000000

TIL 17
01111111
01100000
01111111
01100000
01111111
01100000
01111111
00100000

TIL 18
00100000
00100000
00100000
01010000
00000000
00000000
00000000
11111111
WAL true

TIL 19
00000000
11111110
11111110
11111110
11111110
11111110
11111110
00000000

TIL 20
00000000
00000000
11111111
00000000
00000000
00000000
00000000
00000000
WAL true

TIL 21
01000000
01000000
01111111
00101000
00100000
00100000
00000000
00000000
WAL true

TIL 22
00000000
01111111
01000000
01000000
01000000
01000000
01000000
01000000
WAL true

TIL 23
00000000
00000000
00000101
00000011
00010001
00001111
00000110
00001011

TIL a
00111100
01000010
01000010
01000010
00111100
00011000
00111100
11111111
WAL true

TIL b
00000000
10000000
11000000
11100000
11110000
11111100
11111111
11111111

TIL c
00000001
00000011
00000111
00000111
00000111
00000011
00000011
00000001

TIL d
00000000
00000000
00000000
00000000
00000000
00000000
00000000
00000011

TIL e
00000000
00000000
00000000
00000000
00000000
00000000
00000000
11100000

TIL f
11111001
11111111
11111111
11111111
11111111
11111110
11111100
11111100

TIL g
10000000
00000000
11000000
10000000
00000000
00000000
00000000
00000000

TIL h
11111100
11111100
11111000
11111000
11111000
11110000
11110000
11100000

TIL i
11000000
10000000
00000000
00000000
00000000
00000000
00000000
00000000

TIL j
11111111
11111111
11111111
11111110
11111100
11110000
00000000
00000000

TIL k
00011111
00000111
00011111
11111111
11111111
01111111
00000000
00000000

TIL l
00000000
00000000
00000000
00000111
00000001
00000000
00000000
00000000

TIL m
11111111
11111111
11111111
01111111
00111111
00001111
01111111
00111111

TIL n
00000001
00000001
00000000
00000000
00000000
00000000
00000000
00000000

TIL o
11111111
11111111
11111111
11111111
11111111
11111111
11111111
11111111

TIL p
00000000
00000000
00000000
00000000
00000000
00000000
00000000
01000000

TIL q
00000000
00000000
00000000
00000000
00000000
00000000
00000000
00000000

TIL r
00000000
00000000
00000000
00000000
00000000
00000000
00000000
00000000

TIL s
00000000
00000000
00000000
00000000
00000000
00000000
00000000
00000000

TIL t
00000000
00000000
00000000
00000000
00000000
00000000
00000000
10000000
WAL true

TIL u
00000000
00000000
00000000
00000000
00000000
00000000
00000000
00000001
WAL true

TIL v
10000001
10000001
10000001
10000001
10000001
00000000
00000000
00000000
WAL true

TIL w
01000010
01000010
01000010
01000010
01000010
00000000
00000000
00000000

TIL x
00000000
00111100
01000010
01000010
01000010
01000010
01000010
01000010
WAL true

TIL y
00000000
00000000
00000000
01111110
01111110
00000000
00000000
00000000
WAL true

TIL z
01010101
10101010
01010101
10101010
01010101
10101010
01010101
10101010
WAL true

TIL 1a
00010000
00010110
00001001
00001001
11111010
00000010
11111110
00000100

TIL 1b
00000000
00000000
00000000
00000000
11111111
00000000
11111111
00000000

TIL 1c
00001000
01101000
10010000
10010000
01011111
01000000
01111111
00100000

TIL 1d
00000000
00000000
00000000
00000000
00000000
00000111
00001000
00001000

TIL 1e
00000000
00000000
00000000
00000000
00000000
11111111
00000000
00000000

TIL 1f
00000000
00000000
00000000
00000000
00000000
11100000
00010000
00010000

TIL 1g
00000000
11111110
10111010
10101010
10101010
11010110
11111110
00000000

TIL 1h
01000010
01000010
01000010
01000010
01000010
01000010
01000010
01000010

TIL 1i
00000000
00000000
01111110
01000010
01000010
01000010
01000010
01000010

TIL 1j
00000110
00000110
00000110
00000110
00000110
00000110
00000110
00000110
WAL true

TIL 1k
00000110
00000110
00000111
00000111
00000101
00000101
00000101
00000101
WAL true

TIL 1l
00000000
00000000
11111111
11111111
01010101
01010101
01010101
01010101
WAL true

TIL 1m
00000011
00000011
11111111
11111111
01010101
01010101
01010101
01010101
WAL true

TIL 1n
00000011
00000011
00000011
00000011
00000011
00000011
00000011
00000011
WAL true

TIL 1o
00000011
00000011
00000011
00000011
00000011
00000011
00000011
11111011
WAL true

TIL 1p
00000000
01111110
00000000
01111110
00000000
01111110
00000000
01111110
WAL true

TIL 1q
00001100
11000000
00011110
00000000
11100110
00000000
01110011
00000000

TIL 1r
10010000
00000001
00000100
00100000
00000010
10010000
00000000
00100001

TIL 1s
01111111
01100000
01111111
01100000
01111111
01100000
01111111
00000000

TIL 1t
11111100
00001100
11111100
00001100
11111100
00001100
11111100
00000000

TIL 1u
01111110
01000010
01011010
01000010
01011010
01000010
01111110
00000000

TIL 1v
00000000
01111110
00000000
01111110
00000000
01111110
00000000
01111110
WAL false

TIL 1w
00000000
00000000
00000000
00000000
00000000
00000000
00000000
00000000

TIL 1x
00000000
00111100
00111100
00111100
00111100
00111100
00111100
00111100

TIL 1y
00000000
11111110
00000010
00000010
00000010
00000010
00000010
00000010
WAL true

TIL 1z
00000010
00000010
11111110
00010100
00000100
00000100
00000000
00000000
WAL true

SPR 10
00000000
00000000
00000000
00000000
00000000
00000000
00000000
00000000

SPR A
00111000
00111000
00010000
01111100
10111010
00111000
00101000
00101000
POS 1 2,12

SPR a
00000000
11010000
10000000
11010111
10010100
10010100
10010100
00000000
DLG SPR_0
POS 0 4,8

SPR b
00000000
00001011
00001010
00001010
10011010
10101010
10011010
00000000
POS 0 5,8

SPR c
00000000
01100000
10100110
00101001
00101111
00101000
00100110
00000000
POS 0 6,8

SPR d
00000000
00000000
00001100
00010010
00011110
00010000
01001100
00000000
POS 0 7,8

SPR e
00000000
00000000
10001001
01010010
00100011
01010010
10001001
00000000
POS 0 8,8

SPR f
00000000
00000000
10000000
01000000
11000000
00000000
10000000
00000000
POS 0 9,8

SPR g
00000000
00000000
00000000
00000000
00010001
10010010
01010100
00000000
>
00000000
00000000
00000000
00000000
00000000
00000000
00000000
00000000
POS 1 4,9

SPR h
00000000
00000000
00000000
00000000
00000001
00000000
00000000
00000000
>
00000000
00000000
00000000
00000000
00000000
00000000
00000000
00000000
POS 1 3,9

SPR i
01111110
01000010
01011010
01000010
01011010
01000010
01000010
01111110
DLG SPR_1
POS 1 4,13

SPR j
00000000
00000000
00000000
00000000
00000000
00000000
00000000
00000000

SPR k
00000000
00000100
00000010
00000000
00111110
00000000
00000010
00000100
>
00000000
00000000
00000000
00000000
00000000
00000000
00000000
00000000
POS 2 8,4

SPR l
01111110
01000010
01011010
01000010
01011010
01000010
01000010
01111110

SPR m
11111111
10000001
10000001
10000001
10000001
10000001
00000000
00000000
DLG SPR_2
POS 6 4,11

SPR n
00000000
00000000
00000000
00000000
00000000
00000000
00000000
10000000
POS 6 5,10

SPR o
00000000
00000000
00000000
00000000
00000000
00000000
00000000
00000001
POS 6 3,10

SPR p
00111100
01000010
01000010
01000010
00111100
00011000
00111100
11111111
POS 6 4,10

SPR q
00000000
00000000
00000000
00000000
00000000
00000000
00000000
00000000

SPR r
01111110
01000010
01011010
01000010
01011010
01000010
01000010
01111110
DLG SPR_3
POS 5 4,14

SPR s
01111110
01000010
01011010
01000010
01011010
01000010
01000010
01111110
POS 8 6,10

SPR t
01111110
01000010
01011010
01000010
01011010
01000010
01000010
01111110
POS 8 5,10

SPR u
01111110
01000010
01011010
01000010
01011010
01000010
01000010
01111110
POS 8 4,10

SPR v
01111110
01000010
01011010
01000010
01011010
01000010
01000010
01111110
POS 8 9,9

SPR w
01111110
01000010
01011010
01000010
01011010
01000010
01000010
01111110
POS 8 7,9

SPR x
01111110
01000010
01011010
01000010
01011010
01000010
01000010
01111110
POS 8 10,10

SPR y
01111110
01000010
01011010
01000010
01011010
01000010
01000010
01111110
POS 8 11,10

SPR z
00000000
01111110
01000010
01011010
01000010
01000010
01000010
01111110
DLG SPR_4
POS 8 8,13

ITM 0
00000000
10000001
01111110
01000010
01011010
01000010
01111110
00000000
NAME tea
DLG ITM_0

DLG SPR_0
I'm a cat

DLG SPR_1
It was late in night and i was in Twitter finding no mainstream users with cool ideas, when I listened the front door knocking...

DLG ITM_0
Inside the box there was just a letter with this: "1M W4TCH1NG U K33P M3 3NT3RT41N3D 4ND PL4Y TH3 G4M3" and in the side, a twitter account: @FindMe_Th... and something scratched... Let's search! 

DLG SPR_2
Lets see... @FindMe? Theres nothing here... How did I gonna to continue this mystery? The only @FindMe here is a german company... What? The letter said something about a game... Let's see... I found it! FindMe_The_Game! Let's finally search. What? Another sound outside? What is now?

DLG SPR_3
So you want to find answers? Ok. Find me in Twitter and you will continue the game.

DLG SPR_4
aoha'z qbza aol ilnnpun. p't uva aol vusf vul dov mpuk tfzlsm zabjrlk pu aopz jyllwf ibsszopa, iba uvd p kvu'a ohcl huf jovpjl. p jhu qbza mvynla tf vskly spml huk ayf av mpuk pa. aoha'z tf mpuhs uval.

END 0


END undefined
To continue the story, stay tunned in Twitter's perfil of the game, @FindMe_The_Game

VAR a
42

